var_intercept=0.0008226828606778084
resid_var=0.0002925393910908681
icc=0.7376851200494627
