rmse_mixed=0.013153735137760521
mae_mixed=0.00900539806282268
